24
datanode1	tlc01	465000	560	0.328767123	104.8576	170
datanode1	qlc01	930000	560	0.197260274	1000	170
datanode1	qlc02	930000	560	0.197260274	1000	170
datanode1	qlc03	930000	560	0.197260274	1000	170
datanode2	tlc01	465000	560	0.328767123	104.8576	170
datanode2	qlc01	930000	560	0.197260274	1000	170
datanode2	qlc02	930000	560	0.197260274	1000	170
datanode2	qlc03	930000	560	0.197260274	1000	170
datanode3	tlc01	465000	560	0.328767123	104.8576	170
datanode3	qlc01	930000	560	0.197260274	1000	170
datanode3	qlc02	930000	560	0.197260274	1000	170
datanode3	qlc03	930000	560	0.197260274	1000	170
datanode4	tlc01	465000	560	0.328767123	104.8576	170
datanode4	qlc01	930000	560	0.197260274	1000	170
datanode4	qlc02	930000	560	0.197260274	1000	170
datanode4	qlc03	930000	560	0.197260274	1000	170
datanode5	tlc01	465000	560	0.328767123	104.8576	170
datanode5	qlc01	930000	560	0.197260274	1000	170
datanode5	qlc02	930000	560	0.197260274	1000	170
datanode5	qlc03	930000	560	0.197260274	1000	170
datanode6	tlc01	465000	560	0.328767123	104.8576	170
datanode6	qlc01	930000	560	0.197260274	1000	170
datanode6	qlc02	930000	560	0.197260274	1000	170
datanode6	qlc03	930000	560	0.197260274	1000	170